res i,res j,rot A_i,rot B_j,E_ij
1,2,1,1,-0.913001537322998
1,2,1,2,-0.7454983592033386
1,2,1,3,-1.4322733879089355
1,2,1,4,-1.290513515472412
1,2,1,5,-1.1660473346710205
1,2,1,6,-0.8729158639907837
1,2,1,7,-1.211639165878296
1,2,1,8,-0.9026113152503967
1,2,2,1,-0.8699953556060791
1,2,2,2,-0.6977104544639587
1,2,2,3,-1.3906614780426025
1,2,2,4,-1.2489017248153687
1,2,2,5,-1.1244640350341797
1,2,2,6,-0.8313280344009399
1,2,2,7,-1.170055866241455
1,2,2,8,-0.8610334396362305
1,2,3,1,-0.8481413125991821
1,2,3,2,-0.675856351852417
1,2,3,3,-1.3688074350357056
1,2,3,4,-1.2270476818084717
1,2,3,5,-1.1026098728179932
1,2,3,6,-0.809473991394043
1,2,3,7,-1.148201823234558
1,2,3,8,-0.8391793966293335
1,2,4,1,-0.8727194666862488
1,2,4,2,-0.7004344463348389
1,2,4,3,-1.393385648727417
1,2,4,4,-1.2516257762908936
1,2,4,5,-1.1271880865097046
1,2,4,6,-0.8340520858764648
1,2,4,7,-1.1727800369262695
1,2,4,8,-0.8637575507164001
1,2,5,1,-1.2042981386184692
1,2,5,2,-1.0304914712905884
1,2,5,3,-1.723177433013916
1,2,5,4,-1.5814176797866821
1,2,5,5,-1.456956386566162
1,2,5,6,-1.1613187789916992
1,2,5,7,-1.502548336982727
1,2,5,8,-1.1935153007507324
1,2,6,1,-1.4381120204925537
1,2,6,2,-1.2495744228363037
1,2,6,3,-1.9463369846343994
1,2,6,4,-1.804577112197876
1,2,6,5,-1.679579496383667
1,2,6,6,-1.3839788436889648
1,2,6,7,-1.7251713275909424
1,2,6,8,-1.41505765914917
1,2,7,1,-1.1045575141906738
1,2,7,2,-0.9307514429092407
1,2,7,3,-1.6234374046325684
1,2,7,4,-1.4816776514053345
1,2,7,5,-1.3572183847427368
1,2,7,6,-1.0642573833465576
1,2,7,7,-1.4028103351593018
1,2,7,8,-1.0937755107879639
1,2,8,1,-0.8871138095855713
1,2,8,2,-0.7208663821220398
1,2,8,3,-1.407947063446045
1,2,8,4,-1.2661871910095215
1,2,8,5,-1.1417415142059326
1,2,8,6,-0.8486020565032959
1,2,8,7,-1.187333345413208
1,2,8,8,-0.8783110976219177
1,3,1,1,-0.08807070553302765
1,3,1,2,-0.08985985815525055
1,3,1,3,-0.08807070553302765
1,3,1,4,-0.08807070553302765
1,3,1,5,-0.08807070553302765
1,3,1,6,-0.08807070553302765
1,3,1,7,-0.08807070553302765
1,3,1,8,-0.0881093367934227
1,3,2,1,-0.08828379958868027
1,3,2,2,-0.09007386118173599
1,3,2,3,-0.08828379958868027
1,3,2,4,-0.08828379958868027
1,3,2,5,-0.08828379958868027
1,3,2,6,-0.08828379958868027
1,3,2,7,-0.08828379958868027
1,3,2,8,-0.08836951106786728
1,3,3,1,-0.08828379958868027
1,3,3,2,-0.09007386118173599
1,3,3,3,-0.08828379958868027
1,3,3,4,-0.08828379958868027
1,3,3,5,-0.08828379958868027
1,3,3,6,-0.08828379958868027
1,3,3,7,-0.08828379958868027
1,3,3,8,-0.08836951106786728
1,3,4,1,-0.08828379958868027
1,3,4,2,-0.09007386118173599
1,3,4,3,-0.08828379958868027
1,3,4,4,-0.08828379958868027
1,3,4,5,-0.08828379958868027
1,3,4,6,-0.08828379958868027
1,3,4,7,-0.08828379958868027
1,3,4,8,-0.08836951106786728
1,3,5,1,-0.09185850620269775
1,3,5,2,-0.09398538619279861
1,3,5,3,-0.09185850620269775
1,3,5,4,-0.09185850620269775
1,3,5,5,-0.09185850620269775
1,3,5,6,-0.09185850620269775
1,3,5,7,-0.09185850620269775
1,3,5,8,-0.08870790153741837
1,3,6,1,-0.15618622303009033
1,3,6,2,-0.12947651743888855
1,3,6,3,-0.15481466054916382
1,3,6,4,-0.16039982438087463
1,3,6,5,-0.15639391541481018
1,3,6,6,-0.15639391541481018
1,3,6,7,-0.15639391541481018
1,3,6,8,-0.3101401925086975
1,3,7,1,-0.0917491614818573
1,3,7,2,-0.09387603402137756
1,3,7,3,-0.0917491614818573
1,3,7,4,-0.0917491614818573
1,3,7,5,-0.0917491614818573
1,3,7,6,-0.0917491614818573
1,3,7,7,-0.0917491614818573
1,3,7,8,-0.0886022076010704
1,3,8,1,-0.08841965347528458
1,3,8,2,-0.09021103382110596
1,3,8,3,-0.08841965347528458
1,3,8,4,-0.08841965347528458
1,3,8,5,-0.08841965347528458
1,3,8,6,-0.08841965347528458
1,3,8,7,-0.08841965347528458
1,3,8,8,-0.08854347467422485
1,4,1,1,0.0
1,4,1,2,0.0
1,4,1,3,0.0
1,4,1,4,0.0
1,4,1,5,0.0
1,4,1,6,0.0
1,4,1,7,0.0
1,4,1,8,0.0
1,4,2,1,0.0
1,4,2,2,0.0
1,4,2,3,0.0
1,4,2,4,0.0
1,4,2,5,0.0
1,4,2,6,0.0
1,4,2,7,0.0
1,4,2,8,0.0
1,4,3,1,0.0
1,4,3,2,0.0
1,4,3,3,0.0
1,4,3,4,0.0
1,4,3,5,0.0
1,4,3,6,0.0
1,4,3,7,0.0
1,4,3,8,0.0
1,4,4,1,0.0
1,4,4,2,0.0
1,4,4,3,0.0
1,4,4,4,0.0
1,4,4,5,0.0
1,4,4,6,0.0
1,4,4,7,0.0
1,4,4,8,0.0
1,4,5,1,0.0
1,4,5,2,0.0
1,4,5,3,0.0
1,4,5,4,0.0
1,4,5,5,0.0
1,4,5,6,0.0
1,4,5,7,0.0
1,4,5,8,0.0
1,4,6,1,0.0
1,4,6,2,0.0
1,4,6,3,0.0
1,4,6,4,0.0
1,4,6,5,0.0
1,4,6,6,0.0
1,4,6,7,0.0
1,4,6,8,0.0
1,4,7,1,0.0
1,4,7,2,0.0
1,4,7,3,0.0
1,4,7,4,0.0
1,4,7,5,0.0
1,4,7,6,0.0
1,4,7,7,0.0
1,4,7,8,0.0
1,4,8,1,0.0
1,4,8,2,0.0
1,4,8,3,0.0
1,4,8,4,0.0
1,4,8,5,0.0
1,4,8,6,0.0
1,4,8,7,0.0
1,4,8,8,0.0
1,5,1,1,0.0
1,5,1,2,0.0
1,5,1,3,0.0
1,5,1,4,0.0
1,5,1,5,0.0
1,5,1,6,0.0
1,5,1,7,0.0
1,5,1,8,0.0
1,5,2,1,0.0
1,5,2,2,0.0
1,5,2,3,0.0
1,5,2,4,0.0
1,5,2,5,0.0
1,5,2,6,0.0
1,5,2,7,0.0
1,5,2,8,0.0
1,5,3,1,0.0
1,5,3,2,0.0
1,5,3,3,0.0
1,5,3,4,0.0
1,5,3,5,0.0
1,5,3,6,0.0
1,5,3,7,0.0
1,5,3,8,0.0
1,5,4,1,0.0
1,5,4,2,0.0
1,5,4,3,0.0
1,5,4,4,0.0
1,5,4,5,0.0
1,5,4,6,0.0
1,5,4,7,0.0
1,5,4,8,0.0
1,5,5,1,0.0
1,5,5,2,0.0
1,5,5,3,0.0
1,5,5,4,0.0
1,5,5,5,0.0
1,5,5,6,0.0
1,5,5,7,0.0
1,5,5,8,0.0
1,5,6,1,0.0
1,5,6,2,0.0
1,5,6,3,0.0
1,5,6,4,0.0
1,5,6,5,0.0
1,5,6,6,0.0
1,5,6,7,0.0
1,5,6,8,0.0
1,5,7,1,0.0
1,5,7,2,0.0
1,5,7,3,0.0
1,5,7,4,0.0
1,5,7,5,0.0
1,5,7,6,0.0
1,5,7,7,0.0
1,5,7,8,0.0
1,5,8,1,0.0
1,5,8,2,0.0
1,5,8,3,0.0
1,5,8,4,0.0
1,5,8,5,0.0
1,5,8,6,0.0
1,5,8,7,0.0
1,5,8,8,0.0
2,3,1,1,0.44628626108169556
2,3,1,2,0.38935232162475586
2,3,1,3,0.18227142095565796
2,3,1,4,0.15469154715538025
2,3,1,5,0.21089687943458557
2,3,1,6,0.39663147926330566
2,3,1,7,0.149062842130661
2,3,1,8,0.5550696849822998
2,3,2,1,0.6954960823059082
2,3,2,2,0.6272011995315552
2,3,2,3,0.4176445007324219
2,3,2,4,0.39006462693214417
2,3,2,5,0.45961329340934753
2,3,2,6,0.6693003177642822
2,3,2,7,0.39764174818992615
2,3,2,8,0.7904356122016907
2,3,3,1,0.7233877182006836
2,3,3,2,0.6550927758216858
2,3,3,3,0.4455360770225525
2,3,3,4,0.4179562032222748
2,3,3,5,0.48750486969947815
2,3,3,6,0.700525164604187
2,3,3,7,0.42553335428237915
2,3,3,8,0.8183271884918213
2,3,4,1,0.7024739980697632
2,3,4,2,0.6341791152954102
2,3,4,3,0.4246223568916321
2,3,4,4,0.39704248309135437
2,3,4,5,0.46659114956855774
2,3,4,6,0.6762781739234924
2,3,4,7,0.40461963415145874
2,3,4,8,0.7974134683609009
2,3,5,1,0.5867627263069153
2,3,5,2,0.5187305808067322
2,3,5,3,0.30913275480270386
2,3,5,4,0.28155291080474854
2,3,5,5,0.3515493869781494
2,3,5,6,0.5657715797424316
2,3,5,7,0.29033976793289185
2,3,5,8,0.6819489002227783
2,3,6,1,0.5347621440887451
2,3,6,2,0.46598106622695923
2,3,6,3,0.2563832402229309
2,3,6,4,0.22880339622497559
2,3,6,5,0.298972487449646
2,3,6,6,0.5093142986297607
2,3,6,7,0.2377626895904541
2,3,6,8,0.6298128366470337
2,3,7,1,0.5715951323509216
2,3,7,2,0.5028140544891357
2,3,7,3,0.2932162284851074
2,3,7,4,0.2656363844871521
2,3,7,5,0.3358054757118225
2,3,7,6,0.5461472868919373
2,3,7,7,0.2745956778526306
2,3,7,8,0.666645884513855
2,3,8,1,-0.009783625602722168
2,3,8,2,0.024264037609100342
2,3,8,3,-0.1947525143623352
2,3,8,4,-0.22233235836029053
2,3,8,5,-0.5228164792060852
2,3,8,6,-0.3451038599014282
2,3,8,7,-0.555831253528595
2,3,8,8,0.18365341424942017
2,4,1,1,0.36538153886795044
2,4,1,2,0.10714024305343628
2,4,1,3,0.27977895736694336
2,4,1,4,0.2954404652118683
2,4,1,5,0.6386216282844543
2,4,1,6,0.8588894605636597
2,4,1,7,0.4174191951751709
2,4,1,8,0.4174191951751709
2,4,2,1,0.5546931028366089
2,4,2,2,0.3190138041973114
2,4,2,3,0.4815870523452759
2,4,2,4,0.49305710196495056
2,4,2,5,0.7484956979751587
2,4,2,6,1.0277117490768433
2,4,2,7,0.6071372032165527
2,4,2,8,0.607114315032959
2,4,3,1,0.5651219487190247
2,4,3,2,0.32944270968437195
2,4,3,3,0.4920159578323364
2,4,3,4,0.5034860372543335
2,4,3,5,0.7589246034622192
2,4,3,6,1.0381406545639038
2,4,3,7,0.6175661087036133
2,4,3,8,0.6175432205200195
2,4,4,1,0.5775957703590393
2,4,4,2,0.3419165015220642
2,4,4,3,0.5044897794723511
2,4,4,4,0.5159597992897034
2,4,4,5,0.7713872194290161
2,4,4,6,1.0506142377853394
2,4,4,7,0.6300399303436279
2,4,4,8,0.6300169825553894
2,4,5,1,0.11524397134780884
2,4,5,2,-0.48305952548980713
2,4,5,3,-0.3926382064819336
2,4,5,4,-0.3751562833786011
2,4,5,5,0.053832560777664185
2,4,5,6,0.19726914167404175
2,4,5,7,0.23524266481399536
2,4,5,8,0.21344518661499023
2,4,6,1,-0.07937580347061157
2,4,6,2,-0.6668737530708313
2,4,6,3,-0.5194711089134216
2,4,6,4,-0.39435458183288574
2,4,6,5,1.0252275466918945
2,4,6,6,0.778595507144928
2,4,6,7,0.058355748653411865
2,4,6,8,0.07367879152297974
2,4,7,1,-0.02509915828704834
2,4,7,2,-0.6380336284637451
2,4,7,3,-0.4516535997390747
2,4,7,4,-0.357549786567688
2,4,7,5,0.9980860352516174
2,4,7,6,0.7313928604125977
2,4,7,7,0.10839506983757019
2,4,7,8,0.11206340789794922
2,4,8,1,-0.4029832184314728
2,4,8,2,-0.6463552713394165
2,4,8,3,-0.47369179129600525
2,4,8,4,-0.45383918285369873
2,4,8,5,0.09249082207679749
2,4,8,6,0.19062137603759766
2,4,8,7,-0.3147525191307068
2,4,8,8,-0.3147854208946228
2,5,1,1,-0.00010190795728703961
2,5,1,2,-0.00010190795728703961
2,5,1,3,-0.00010190795728703961
2,5,1,4,-0.00010190795728703961
2,5,1,5,-0.00010190795728703961
2,5,1,6,-0.00010190795728703961
2,5,1,7,-0.00010190795728703961
2,5,1,8,-0.00010190795728703961
2,5,2,1,-0.00010190795728703961
2,5,2,2,-0.00010190795728703961
2,5,2,3,-0.00010190795728703961
2,5,2,4,-0.00010190795728703961
2,5,2,5,-0.00010190795728703961
2,5,2,6,-0.00010190795728703961
2,5,2,7,-0.00010190795728703961
2,5,2,8,-0.00010190795728703961
2,5,3,1,-0.00010190795728703961
2,5,3,2,-0.00010190795728703961
2,5,3,3,-0.00010190795728703961
2,5,3,4,-0.00010190795728703961
2,5,3,5,-0.00010190795728703961
2,5,3,6,-0.00010190795728703961
2,5,3,7,-0.00010190795728703961
2,5,3,8,-0.00010190795728703961
2,5,4,1,-0.00010190795728703961
2,5,4,2,-0.00010190795728703961
2,5,4,3,-0.00010190795728703961
2,5,4,4,-0.00010190795728703961
2,5,4,5,-0.00010190795728703961
2,5,4,6,-0.00010190795728703961
2,5,4,7,-0.00010190795728703961
2,5,4,8,-0.00010190795728703961
2,5,5,1,-0.00017533492064103484
2,5,5,2,-0.00017533492064103484
2,5,5,3,-0.00017533492064103484
2,5,5,4,-0.00017533492064103484
2,5,5,5,-0.00017533492064103484
2,5,5,6,-0.00017533492064103484
2,5,5,7,-0.00017533492064103484
2,5,5,8,-0.00017533492064103484
2,5,6,1,-0.00010190795728703961
2,5,6,2,-0.00010190795728703961
2,5,6,3,-0.00010190795728703961
2,5,6,4,-0.00010190795728703961
2,5,6,5,-0.00010190795728703961
2,5,6,6,-0.00010190795728703961
2,5,6,7,-0.00010190795728703961
2,5,6,8,-0.00010190795728703961
2,5,7,1,-0.00010190795728703961
2,5,7,2,-0.00010190795728703961
2,5,7,3,-0.00010190795728703961
2,5,7,4,-0.00010190795728703961
2,5,7,5,-0.00010190795728703961
2,5,7,6,-0.00010190795728703961
2,5,7,7,-0.00010190795728703961
2,5,7,8,-0.00010190795728703961
2,5,8,1,-0.0006843867595307529
2,5,8,2,-0.0006843867595307529
2,5,8,3,-0.0006843867595307529
2,5,8,4,-0.0006843867595307529
2,5,8,5,-0.0006843867595307529
2,5,8,6,-0.0006843867595307529
2,5,8,7,-0.0006843867595307529
2,5,8,8,-0.0006843867595307529
3,4,1,1,-1.3558275699615479
3,4,1,2,-1.545564889907837
3,4,1,3,-1.5971782207489014
3,4,1,4,-1.6767425537109375
3,4,1,5,-1.246715784072876
3,4,1,6,-1.4016244411468506
3,4,1,7,-1.2137117385864258
3,4,1,8,-1.1482852697372437
3,4,2,1,-1.142972707748413
3,4,2,2,-1.340083122253418
3,4,2,3,-1.3946290016174316
3,4,2,4,-1.4741934537887573
3,4,2,5,-1.0437443256378174
3,4,2,6,-1.198652982711792
3,4,2,7,-1.0125120878219604
3,4,2,8,-0.9470855593681335
3,4,3,1,-1.1731672286987305
3,4,3,2,-1.3702776432037354
3,4,3,3,-1.424823522567749
3,4,3,4,-1.5043880939483643
3,4,3,5,-1.0739388465881348
3,4,3,6,-1.228847622871399
3,4,3,7,-1.0427067279815674
3,4,3,8,-0.9772801399230957
3,4,4,1,-1.172644019126892
3,4,4,2,-1.369754433631897
3,4,4,3,-1.4243003129959106
3,4,4,4,-1.5038647651672363
3,4,4,5,-1.0734156370162964
3,4,4,6,-1.2283244132995605
3,4,4,7,-1.0421833992004395
3,4,4,8,-0.9767568707466125
3,4,5,1,-1.712538719177246
3,4,5,2,-1.8866188526153564
3,4,5,3,-1.9414006471633911
3,4,5,4,-2.020965099334717
3,4,5,5,-1.6068400144577026
3,4,5,6,-1.7617483139038086
3,4,5,7,-1.5739850997924805
3,4,5,8,-1.5085586309432983
3,4,6,1,-1.5934782028198242
3,4,6,2,-1.7865629196166992
3,4,6,3,-1.8409969806671143
3,4,6,4,-1.92056143283844
3,4,6,5,-1.4902045726776123
3,4,6,6,-1.645113229751587
3,4,6,7,-1.4579331874847412
3,4,6,8,-1.392506718635559
3,4,7,1,-1.6828969717025757
3,4,7,2,-1.8759816884994507
3,4,7,3,-1.9304156303405762
3,4,7,4,-2.0099802017211914
3,4,7,5,-1.5796232223510742
3,4,7,6,-1.7345319986343384
3,4,7,7,-1.5473519563674927
3,4,7,8,-1.4819254875183105
3,4,8,1,-1.2479093074798584
3,4,8,2,-1.4485912322998047
3,4,8,3,-1.500476598739624
3,4,8,4,-1.5800410509109497
3,4,8,5,-1.1499805450439453
3,4,8,6,-1.30488920211792
3,4,8,7,-1.117265224456787
3,4,8,8,-1.0518386363983154
3,5,1,1,-1.9033530950546265
3,5,1,2,-1.948523759841919
3,5,1,3,-1.733749508857727
3,5,1,4,-1.7483733892440796
3,5,1,5,-1.946516513824463
3,5,1,6,-1.946534514427185
3,5,1,7,-1.9465166330337524
3,5,1,8,-1.7082738876342773
3,5,2,1,-1.8857401609420776
3,5,2,2,-1.9289958477020264
3,5,2,3,-1.7142157554626465
3,5,2,4,-1.728839635848999
3,5,2,5,-1.9270482063293457
3,5,2,6,-1.9270662069320679
3,5,2,7,-1.9270483255386353
3,5,2,8,-1.6900041103363037
3,5,3,1,-1.8857401609420776
3,5,3,2,-1.9289958477020264
3,5,3,3,-1.7142157554626465
3,5,3,4,-1.728839635848999
3,5,3,5,-1.9270482063293457
3,5,3,6,-1.9270662069320679
3,5,3,7,-1.9270483255386353
3,5,3,8,-1.6900041103363037
3,5,4,1,-1.8866517543792725
3,5,4,2,-1.9299074411392212
3,5,4,3,-1.7151272296905518
3,5,4,4,-1.7297511100769043
3,5,4,5,-1.9279597997665405
3,5,4,6,-1.9279778003692627
3,5,4,7,-1.92795991897583
3,5,4,8,-1.690915584564209
3,5,5,1,-2.3963279724121094
3,5,5,2,-2.37978196144104
3,5,5,3,-2.170490264892578
3,5,5,4,-2.1851139068603516
3,5,5,5,-2.384005308151245
3,5,5,6,-2.37652325630188
3,5,5,7,-2.384005308151245
3,5,5,8,-2.174995183944702
3,5,6,1,-1.0445494651794434
3,5,6,2,-1.067810297012329
3,5,6,3,-0.8530377149581909
3,5,6,4,-0.8676615953445435
3,5,6,5,-1.0659611225128174
3,5,6,6,-1.06597900390625
3,5,6,7,-1.0659611225128174
3,5,6,8,-0.8260554075241089
3,5,7,1,-1.2272783517837524
3,5,7,2,-1.250530481338501
3,5,7,3,-1.0357580184936523
3,5,7,4,-1.0503818988800049
3,5,7,5,-1.248621940612793
3,5,7,6,-1.2486399412155151
3,5,7,7,-1.2486220598220825
3,5,7,8,-1.009056806564331
3,5,8,1,-1.818997859954834
3,5,8,2,-1.8620152473449707
3,5,8,3,-1.6472339630126953
3,5,8,4,-1.6618578433990479
3,5,8,5,-1.8600395917892456
3,5,8,6,-1.8600577116012573
3,5,8,7,-1.8600395917892456
3,5,8,8,-1.6235527992248535
4,5,1,1,9.328340530395508
4,5,1,2,8.853310585021973
4,5,1,3,8.699028968811035
4,5,1,4,8.685420036315918
4,5,1,5,9.49384880065918
4,5,1,6,9.496796607971191
4,5,1,7,9.493480682373047
4,5,1,8,9.341777801513672
4,5,2,1,10.001897811889648
4,5,2,2,9.662503242492676
4,5,2,3,9.442178726196289
4,5,2,4,9.415879249572754
4,5,2,5,10.111913681030273
4,5,2,6,10.114861488342285
4,5,2,7,10.11154556274414
4,5,2,8,9.941739082336426
4,5,3,1,9.970128059387207
4,5,3,2,9.624497413635254
4,5,3,3,9.410408973693848
4,5,3,4,9.384108543395996
4,5,3,5,10.080143928527832
4,5,3,6,10.083091735839844
4,5,3,7,10.0797758102417
4,5,3,8,9.909969329833984
4,5,4,1,9.994138717651367
4,5,4,2,9.678333282470703
4,5,4,3,9.434293746948242
4,5,4,4,9.407994270324707
4,5,4,5,10.104155540466309
4,5,4,6,10.10710334777832
4,5,4,7,10.103787422180176
4,5,4,8,9.933952331542969
4,5,5,1,8.875825881958008
4,5,5,2,8.520072937011719
4,5,5,3,8.342577934265137
4,5,5,4,8.324845314025879
4,5,5,5,8.971717834472656
4,5,5,6,8.974665641784668
4,5,5,7,8.97135066986084
4,5,5,8,8.91349983215332
4,5,6,1,8.85361099243164
4,5,6,2,8.50487995147705
4,5,6,3,8.32036304473877
4,5,6,4,8.302630424499512
4,5,6,5,8.949502944946289
4,5,6,6,8.9524507522583
4,5,6,7,8.949135780334473
4,5,6,8,8.890979766845703
4,5,7,1,9.423848152160645
4,5,7,2,8.767180442810059
4,5,7,3,8.899996757507324
4,5,7,4,8.979289054870605
4,5,7,5,9.565027236938477
4,5,7,6,9.567975044250488
4,5,7,7,9.564659118652344
4,5,7,8,11.341817855834961
4,5,8,1,9.44241714477539
4,5,8,2,8.896638870239258
4,5,8,3,9.12767219543457
4,5,8,4,9.25924015045166
4,5,8,5,9.537981986999512
4,5,8,6,9.540929794311523
4,5,8,7,9.537613868713379
4,5,8,8,12.353981018066406
